2015 63
2015 64
2015 65
2015 66
2015 67
2015 68
2015 71
2015 72
2015 73
2015 74
2015 75
2015 76
2015 77
2015 78
2015 305
2015 306
2015 307
2015 308
2015 309
2015 310
2015 311
2015 312
2015 313
2015 314
2015 315
2015 316
2015 317
2015 318
2015 319
2015 320
2015 321
2015 322
2015 323
2015 324
2015 325
2015 326
2015 327
2015 353
2015 354
2015 355
2015 356
2015 357
2015 358
2015 359
2015 360
2015 361
2015 362
2016 11
2016 12
2016 13
2016 14
2016 15
2016 39
2016 40
2016 41
2016 42
2016 43
2016 44
2016 45
2016 46
2016 47
2016 48
2016 49
2016 51
2016 52
2016 53
2016 54
2016 55
2016 56
2016 57
2016 58
2016 59
2016 74
2016 75
2016 76
2016 79
2016 80
