2015 305
2015 306
2015 307
2015 308
2015 309
2015 310
2015 311
2015 312
2015 313
2015 314
2015 315
2015 316
2015 317
2015 318
2015 319
2015 320
2015 321
2015 322
2015 323
2015 324
2015 325
2015 326
2015 327
2015 328
2015 329
2015 330
2015 331
2015 332
2015 333
2015 334
2015 335
2015 336
2015 337
2015 338
2015 339
2015 340
2015 341
2015 342
2015 343
2015 344
2015 345
2015 346
2015 347
2015 348
2015 349
2015 350
2015 351
2015 352
2015 353
2015 354
2015 355
2015 356
2015 357
2015 358
2015 359
2015 360
2015 361
2015 362
2015 363
2015 364
2015 365
